%YAML:1.0
---
R: !!opencv-matrix
   rows: 3
   cols: 3
   dt: d
   data: [ 9.9900153276689752e-01, -1.1483494853007939e-02,
       -4.3174840768095642e-02, 1.1564699682965845e-02,
       9.9993179558837109e-01, 1.6315307716373070e-03,
       4.3153160378265269e-02, -2.1292058089648997e-03,
       9.9906619962442478e-01 ]
T: !!opencv-matrix
   rows: 3
   cols: 1
   dt: d
   data: [ -7.5730925137169058e-02, -4.4100645530248628e-04,
       -1.6544112971323371e-03 ]
R1: !!opencv-matrix
   rows: 3
   cols: 3
   dt: d
   data: [ 9.9975611549685273e-01, -5.7056146465949984e-03,
       -2.1334373394784188e-02, 5.7256731814859518e-03,
       9.9998322166814602e-01, 8.7923194559179959e-04,
       2.1328998880920959e-02, -1.0011711641358997e-03,
       9.9977200974174008e-01 ]
R2: !!opencv-matrix
   rows: 3
   cols: 3
   dt: d
   data: [ 9.9974452034506978e-01, 5.8218460467370833e-03,
       2.1840333070139838e-02, -5.8013065939425184e-03,
       9.9998266858567486e-01, -1.0036782728982260e-03,
       -2.1845797806663667e-02, 8.7671938526572327e-04,
       9.9976096767242828e-01 ]
P1: !!opencv-matrix
   rows: 3
   cols: 4
   dt: d
   data: [ 1.1682208219649548e+00, 0., 5.4997558593750000e+01, 0., 0.,
       1.1682208219649548e+00, 4.6830078125000000e+01, 0., 0., 0., 1.,
       0. ]
P2: !!opencv-matrix
   rows: 3
   cols: 4
   dt: d
   data: [ 1.1682208219649548e+00, 0., 5.4997558593750000e+01,
       -8.8493051786244170e-02, 0., 1.1682208219649548e+00,
       4.6830078125000000e+01, 0., 0., 0., 1., 0. ]
Q: !!opencv-matrix
   rows: 4
   cols: 4
   dt: d
   data: [ 1., 0., 0., -5.4997558593750000e+01, 0., 1., 0.,
       -4.6830078125000000e+01, 0., 0., 0., 1.1682208219649548e+00, 0.,
       0., 1.3201271720030670e+01, 0. ]
