%YAML:1.0
---
M1: !!opencv-matrix
   rows: 3
   cols: 3
   dt: d
   data: [ 1.1931077587995971e+02, 0., 1.3402892116942002e+02, 0.,
       1.4300308956486717e+02, 9.1806475968039209e+01, 0., 0., 1. ]
D1: !!opencv-matrix
   rows: 1
   cols: 14
   dt: d
   data: [ 2.4983280007956232e-01, -7.0014920932050251e-01, 0., 0., 0.,
       0., 0., -4.1412185014412878e-01, 0., 0., 0., 0., 0., 0. ]
M2: !!opencv-matrix
   rows: 3
   cols: 3
   dt: d
   data: [ 1.1931077587995971e+02, 0., 1.4079637182739401e+02, 0.,
       1.4300308956486717e+02, 8.6343402381592512e+01, 0., 0., 1. ]
D2: !!opencv-matrix
   rows: 1
   cols: 14
   dt: d
   data: [ 2.2941904445442207e-01, -7.3075399502945215e-01, 0., 0., 0.,
       0., 0., -4.8251927938075156e-01, 0., 0., 0., 0., 0., 0. ]
